10
1625953363
1122601522
344077613
246960346
1447903049
1953126048
677944004
914115945
752734482
608131889
1338571345
672762382
1602656741
1583551161
2013572498
1848418090
652442786
1096254069
1201616504
1527969548
1192645833
886515583
1630377538
1689131697
784453297
435054255
2074077295
2049279856
60556466
516225072
1032150674
195488220
1856334171
1311785899
308535723
1711105095
355104575
178056589
1073808445
1957930275
2664390
226763128
1784387738
362169209
1034270642
1954399809
1658241636
968676224
1315688437
1741708650
1679455014
1804564672
412435102
234937534
1535494285
2022632506
2024832296
1442721054
241270954
607278470
1357652760
1152459000
552773798
1712125008
1491802252
1895881401
205464684
1726400196
1703509500
1981383740
1744079962
16683892
165603134
1397111798
1233889457
1667506189
1450650925
1344176579
776042213
1166436983
1633798443
713858660
1064514077
742799438
1678355610
552323549
734660616
1046657838
1940460898
282321820
756034789
872833219
930141000
549902130
1746522504
79497106
2033994072
773328878
2099631708
932232721
2043850562
1724080246
1220374274
1994945481
488450101
581139368
784904035
1857384082
1546232303
1722925514
815857197
231703677
556103201
814688330
967153143
921265010
1843653714
142039401
1619443330
1622482594
749964774
963067843
193953517
698134063
1361821770
1259667620
1528689202
715065754
1980821311
809134354
386871868
1549657789
24269571
1214538003
1667823870
1448851924
1271510772
2045923730
1414291581
1546434049
125741502
1545174399
1393933874
2048044120
473128724
2078976339
352845081
1366521030
60297043
108181880
128498915
978778633
508277786
1521169320
1905092394
2081495298
1994239539
1602347364
497841492
1491309064
1259210008
1046164066
195420240
1138889674
1639553143
1506781743
541172348
680627259
140869991
1267356727
1238057697
2036937615
2133713386
2070638185
903952320
1510032923
182545710
1083971912
625965446
128012278
610491068
1608914538
223801649
1204050386
637754638
19627055
1922007440
2136582302
1209460757
1357376860
1703571866
1294214525
104947882
1886681564
1403959721
1447134313
748338784
1434934894
1512524150
282390342
2121333126
766827886
1873912472
351891157
406038905
716159261
1391749892
1892384089
115250301
1313621428
1887610590
833673538
1063377406
1191790042
1861631812
1093111131
253622786
1759630479
1813297792
1122238089
1224402886
1499331473
1414459961
313440560
1279828107
793297905
578331942
563026119
393936248
247556384
1518445411
1473193538
903884385
512851387
1298534020
1389922988
628624857
1420802405
217488781
278070442
2039145780
1302544129
1593012763
1814801573
239081155
1840513450
730589064
1814324094
1443968239
1007743164
492997560
583940325
1709888149
38548884
2111409921
1383229760
678084940
651869382
2050785015
296108865
1731766145
812719280
1916017983
1433047600
1533729123
1055888753
45625229
1403618494
1535593924
668542009
912679353
536875194
708320659
2052073731
360765145
1008114725
2059929052
249771512
958399314
105110817
1778576398
991437894
1836570012
360824202
1205145264
1910020436
1070389506
263989270
1002967390
2103203817
1252743250
1746904143
614010173
243860191
692109203
1140432035
544206581
1860114934
1291939565
1533076339
803617367
1440563153
1674331540
445557479
773432104
1845294374
800811205
348563679
758578801
2089331500
1154661499
973747311
1676631718
1199503489
276047710
630141574
400017689
1134821627
367878265
2083727093
5539813
1208057442
1083083640
1274585243
458042251
1443451823
820757382
184109875
1803033099
1780916027
1866206022
609275632
203863328
1153679176
323939660
337701456
1119358146
622776797
422787458
1586133317
2004185832
1217711693
1774737543
1297628948
2090713155
1341222336
1564657492
1158383476
402342374
503649016
491289616
1325700866
309692365
44564351
2069872288
1254306762
1907084108
654622429
253658393
2136525386
846913334
1962522059
726298324
125000979
1834979762
1485597711
299968458
149152001
1715634443
344097281
1668431310
791414749
1680549653
1208114190
783146849
952117404
745573708
752749449
771091856
1656634089
2120299690
1721911357
1299048799
1533163059
1988970849
280205442
134918667
1349499039
1791050915
269715502
2024384579
6571808
76477248
528979979
829687953
1002475697
151485366
343495841
60992212
1971667518
299575133
1858006933
1541927935
532457691
518722812
756046382
1374258178
1728393316
1979719639
1366245565
1679304992
1021514395
1759166756
1458293295
407653013
2095152730
1865028372
2081278438
271266009
1269703561
817258057
981558499
120956026
373575716
1968349933
845182917
1516972800
1332985195
1618758903
1495648788
1806847815
574287410
102189513
326949369
163566558
1101235311
877638382
1602134680
1786366989
1871869805
144330584
2084198647
1155405776
355811097
1521539651
1588146690
1296973823
1533522532
1710741857
1501095921
1828929420
604893876
1612278632
1605848800
294098642
282355257
1466005750
33579404
1903421286
2082707605
409495318
1088242077
1512663828
16374441
986071088
715567600
1404616735
1390426741
767429528
1026288046
1630601198
622372948
1256651327
1332487578
2019713118
580500595
1720902649
61291248
1036193873
1609318517
434606837
758800275
1755990150
437857114
71562087
1333386613
2061503445
1973525841
484784358
1936987501
1568118661
1077011865
1793512232
356206678
262803469
900431784
862266508
795817780
2035603191
2051926314
2030008007
1833041383
899325236
104516302
908621268
711276791
827496042
123434880
1854387633
1455787354
1672146127
185849574
1213385695
250714834
1712731677
1539521745
1058716338
845790364
1804125807
1700730075
1768104579
656323603
1642511783
869429380
2024642869
2125954982
2095874434
2098313223
1065949644
1958173783
937592957
1442388884
948387140
409077719
316850125
958387395
1981856669
1996453547
106534524
1055279542
83091592
577832039
94720801
2021734550
1829346514
722489367
1182553786
1772405985
1648595684
643059774
164068807
255922392
1282630300
1846552727
483972165
562874226
1479338730
998303991
1843436478
727646897
1309473549
171133995
2089218205
1294712140
63880579
2027858285
691725479
531810258
655395981
1100600759
505439021
2127857905
1084881695
981698488
2094023350
1727574871
1737598627
618805010
454641404
1032368167
831595935
584010876
339671804
747633590
1791018554
1552360904
275278555
1370368155
1146700312
1859343880
1736943644
1010653309
1813500612
151172763
1545511311
274242456
688576714
899957012
430701437
1140681066
1205906850
1877872623
1149503883
1870155274
1713463107
1345423251
1719855510
215609110
1344647718
821415956
1868577354
532106777
1367337016
511263147
281061322
1173279273
682923773
623307590
1124949978
861437102
1893864943
1075372456
2103316066
1695046412
1239428415
1463588091
23121280
1620716783
625289122
1337161606
1299143015
356260
1811704302
2009892229
269665990
1948004338
1651042933
1416667051
864955337
495865075
2141598505
2111134258
820656194
1833105863
1721297550
1122508080
2122829678
549484624
2051537797
88519818
1773972632
389409474
777132379
1620953713
562518694
1939073732
470360757
962509123
509502248
849773251
1949968583
55391588
1758816200
1444149496
1493317000
1435926423
413224926
288984987
800768321
1339368842
1605857186
1619569589
183941708
360849243
1547076871
490522377
42031573
894325211
1240086535
912812709
830496460
1127131300
732323741
1430634148
1679839979
2035023598
915270226
1006792292
892627693
1487061813
1987353021
1965731876
792671879
1833060334
473692597
1586237893
696708119
761132404
234637022
985747896
308338813
770814565
2082082734
79022271
243632686
1240456867
695897268
1784740820
125059967
1016766760
1645098017
259669365
1132472771
818285742
1703442144
823189262
1945940597
1232485754
374621113
1071245092
1026837537
40993642
616577972
1335808485
900960697
1180717314
153511967
809425883
1386875622
90004604
794136115
1826270948
1198596910
916791714
28758975
1000197721
1858658312
2058478606
416400821
1475476728
2087806374
1848965284
1903309446
785175596
877752653
1464869735
1489885419
141123256
316040274
384937843
941750466
1637649085
158690106
576922922
722573410
1986056106
1249338612
1622529296
441507693
754548583
576428577
411762977
1776280015
2103911362
1750527514
1197892841
1399886129
17432950
1557583584
1696162086
1250553350
866652078
82988822
595663981
1033906609
1713092589
1922615452
339775151
232431716
2014393442
1761382822
85139307
1763444202
1548898025
1735559786
1270352503
629863285
247495910
235399459
496175922
1249785260
1417139285
969817535
1491290277
1995158373
1281304892
59750375
38522721
1904908113
1209066035
99802208
456900894
1313188164
1346072731
143403440
1854377986
623146330
824908737
1783608777
634966629
2061165872
1696093768
2145531703
1760843010
669951420
1737799554
1958495570
652629422
894604174
325907949
2117158819
1545746100
1624351921
2095800953
662887056
735668556
414239337
2029671425
1900801121
925495197
1685060556
1993285881
1337860225
1407905225
1998481577
873107745
198256615
101716032
2015260265
903231184
1192772208
493294013
1777154819
580563829
1172492762
797253144
1120635951
1760621648
1595388384
1752209060
1469360287
1121408677
206736770
899121945
1528328769
442183457
1884472534
1647760909
1700554719
1992886172
1503656946
2020598706
804180014
1685302037
1754887990
1872905954
2037377437
1510501798
104045435
940442746
332023824
1904762099
861101426
2090854228
1665186670
1599317751
336777254
822442311
1548934209
1523979721
1600819991
475711164
1705725423
1760585030
1141946857
800997821
576864692
1832925080
519651938
1149783240
1485202519
827552540
1050003898
881904830
244235654
394298253
2135293014
2123266212
740624018
2144778747
1871307781
1897791738
2054544273
1927833573
431575544
442390894
78974868
2122868380
978054313
1852743816
1512458142
536147071
918788563
1352504567
1458805045
249975659
454028567
636908762
372158555
803650032
1593320514
1745923391
764942861
209392743
1354829195
167261371
214287319
1725074165
1125855203
918450535
310930920
1115513810
320957266
1363459039
83051420
987928061
2003772990
1529001557
695628370
1583839632
454230797
454188709
1748998119
1731954970
202181712
1080614771
416798999
2077370159
2060138986
1559545668
559079903
1520062287
1514960111
1371910371
314833500
2038747202
474377790
321561306
452453252
1169768871
322919562
1313708183
1032949193
17724290
1128459192
1856325824
1945812413
684620480
632389467
1254985884
569333319
98567606
967605809
777624431
1754989800
1507132850
1896762417
1015050157
1762692543
1578844546
1275343069
1890592363
1361202559
528922973
37211741
1454861654
2068018318
776966476
371928732
247457932
1300079027
376866680
1113659540
1232107895
513278804
700052527
539897417
1146551418
2042094992
1363668137
